2.3044162156480317
62.66502633749876
5.008800591097751
7.342652619244282
1.4532059611988835
1.6255153290288973
1.2819644743240521
1.6912808208384582
1.6499036915415095
1.800786601997901
1.9131973147572257
2.285873571722036
2.357293718112342
2.2595319745005007
2.512498965352362
2.4036424325350634
2.3685221656555666
2.7734579483261226
2.760059304175988
3.0057158850123584
2.8137341185975737
2.9859502127238975
3.090077046968669
3.0561127755912305
34.85639367464207
37.08757584207974
31.686730841094224
35.05851173467733
40.06935643245827
40.85830956302058
45.42915943894355
47.16520960561237
50.16205161279949
55.84633267156517
61.43008563963924
61.58149525387862
66.46554408739976
77.2335413915778
82.53162456248278
86.4801593804873
95.72119138565064
96.88653247832949
100.96554325425386
105.78517789938287
4.858099938829672
5.002710058284524
4.928288851866644
5.107174753120046
5.042294343617026
5.225366112856945
5.305756452389833
5.434721027964962
5.4725535549634285
5.406256230438549
5.531411176803764
5.529585793974666
5.368799578148806
5.110946493203853
4.981866191421491
5.258956789465758
5.514536099181116
5.403483679934568
5.3844665782705174
0.30873811721885314
3.275103053604256
4.220377036066549
4.563059368476244
5.01055294004537
5.514685765596985
6.092283626074579
6.339187753196236
6.743228471213462
7.433799425971131
7.506117269983186
8.009478997674568
8.636252671339923
8.555554025912055
8.635717170284693
8.930264767561784
9.131021891891223
9.252711574663575
9.456464663911339
9.742166421624821
9.805025489793643
10.186379931936111
248.44153612288977
5.002648244893826
14.237304009202768
11.95561873854525
10.017689086890352
10.87269297851869
10.178138739060428
10.20882585799866
9.704696413149529
11.439496907589561
11.557056634600858
10.468375307578542
11.12915041680183
11.413526753102552
9.80526029590446
8.140639603738782
9.441275461668463
8.962886199514834
9.259264924926509
10.354078023927402
9.31441796881076
8.70000779251625
10.804500533878501
182.2097326341413
177.48051489718355
199.4934802765715
192.37760518130503
221.86993521893885
216.75219359348594
239.85390503711923
222.48838320698698
235.0673795600267
233.16979062714006
265.70552195446476
256.3255653910249
262.8180960949159
287.68124289529266
279.3731626989481
275.626094154219
274.1097059894058
319.6696483080937
308.38782278628383
318.3709419522478
4.881609247664311
4.99952418527039
4.925602223810971
5.098886794452445
5.042818060983918
5.219974442653127
5.331493826873124
5.42994187683615
5.374931159452763
5.444872736762238
5.503775717751034
5.567100831830158
5.374288579189805
5.0559224366216915
4.976895880455465
5.253080609667703
5.480209621003329
5.406261728354106
5.37512255225941
0.31065238598438755
14.691325652929793
15.478566394802057
13.545777644633887
15.737505727244505
15.003087499944932
14.02728119711618
15.013221043554998
15.141675176015939
13.997558014463705
14.279430342226716
13.901882751961042
13.763530514632881
13.936736672968445
13.529675788729135
14.299909304148652
13.333548771691456
13.713753290272507
13.723722415255223
14.149461315908429
13.478430665554937
2.40565383550923
59.42346134892758
5.005308687134307
7.14051857448751
1.7827464823385009
1.8810423963821565
1.949556839184391
2.03003611434716
2.5912061428141033
2.365191269179917
2.262009709564141
1.9479039673908998
2.2603611824832512
2.3939611356636483
2.08196193171266
2.4113473502741627
2.4438999925489293
2.486578355351669
2.664546033758586
2.6746844776905156
2.7880748589369833
3.1599843633561133
2.9208887662396017
3.017095340967217
30.182343497585308
32.050131381714664
36.033738564967706
38.628655888341065
41.62789604558889
45.53859547337801
44.07286806527136
47.65737340723596
52.80785609587275
55.824817210534015
58.94509827027373
63.043629695064354
67.69693952505224
69.62228786782609
75.61450513756964
78.60474025183156
82.95563668256129
84.46347805016998
90.42850829050187
92.67012757721108
4.885803303547068
4.980532708798728
4.931840850875159
5.078565047744788
5.030546572287897
5.207815826952253
5.395061830625995
5.436446578825049
5.352578257913668
5.4181872228640975
5.507636421991942
5.524586800896637
5.383786164973799
5.058795280397132
4.9942207877890405
5.255327995641364
5.548219692445335
5.406889355801158
5.3996441628163065
0.30968887949874163
3.142334263910697
4.039484695940037
4.156059331345305
4.658351866066189
5.045983467175575
5.570300242908394
6.022196608385347
6.591201411876197
7.043592027757484
7.483793380881893
7.850475593924176
8.250898406239514
8.505558776044209
8.619314010833783
8.856903824338602
9.159838033907327
9.161322654415473
9.336313231122041
9.633656549257687
9.68279311342026
2.186040809345253
71.72699295268579
5.005528285911205
7.404265659210312
1.395221867709489
1.550279110039788
1.6414498518949963
1.6080804017184898
1.7881923203878405
1.7588835207860352
1.7530644123743253
2.1342976856405915
2.015054120282544
2.269079965626691
2.2332494686023665
2.3511356947426987
2.376829292747966
2.531865729012988
2.610747239473454
2.6955080927629322
2.648684389275317
2.7154508567984625
2.788109311016624
2.8556328560114568
41.87932599771047
44.99567090213557
47.67814991783565
49.86227242105987
52.59928912347972
57.2257768336113
58.75195363736906
60.743111919880725
69.09697467037236
68.50652897095127
73.65501628410487
73.95993076260292
80.82296446981407
83.02051968403799
86.54079366768087
91.04038126868407
93.92823331344626
96.074578282233
100.64573402824855
103.5126528984571
4.960720528431487
4.992406043061296
4.947872395067856
5.091465154276172
5.026822787556401
5.2185034836249065
5.294207401833318
5.429033078375945
5.3141290905473895
5.467018965153386
5.506816624545605
5.523232445446803
5.413411203548724
5.061928194045906
5.0333307944413725
5.252370239141441
5.486104714788303
5.402049460546403
5.380072053685588
0.30907106010580476
3.592652963834542
4.159759821204799
4.59241112221118
5.102310096649006
5.572208894289309
5.846091317471375
6.363498872828874
6.8477551953106
7.1978727723882745
7.561411311752846
8.027203262172247
8.54087237591093
8.546580856879157
8.706517079959816
9.192342689523741
9.17529670963628
9.398863353173029
9.59197116850911
9.939641408060066
10.13005191244107
